ACCESSION: MSBNK-HZI-CBIO-AA-000043
RECORD_TITLE: (3aS)-7-hydroxy-3a,5,5,8-tetramethyl-3,3a,4,5-tetrahydro-1Hcyclopenta[de]isochromen-1-one; ESI-Q-TOF; MS2; CE:35.112; [M+H]+
DATE: 2025.08.05
AUTHORS: Unknown
LICENSE: CC BY
COPYRIGHT: Unknown
COMMENT: Converted from MSP
CH$NAME: (3aS)-7-hydroxy-3a,5,5,8-tetramethyl-3,3a,4,5-tetrahydro-1Hcyclopenta[de]isochromen-1-one
CH$FORMULA: C15H18O2
CH$EXACT_MASS: 230.1307
CH$SMILES: C1(=CC=C2C3=C1C(OCC3(CC2(C)C)C)=O)C
CH$IUPAC: InChI=1S/C15H18O2/c1-9-5-6-10-12-11(9)13(16)17-8-15(12,4)7-14(10,2)3/h5-6H,7-8H2,1-4H3/t15-/m1/s1
CH$LINK: INCHIKEY CAMCSBCRRUTMEK-OAHLLOKOSA-N
AC$INSTRUMENT: ESI-Q-TOF
AC$INSTRUMENT_TYPE: ESI-Q-TOF
AC$MASS_SPECTROMETRY: MS_TYPE MS2
AC$MASS_SPECTROMETRY: ION_MODE POSITIVE
AC$MASS_SPECTROMETRY: COLLISION_ENERGY 35.112
MS$FOCUSED_ION: PRECURSOR_M/Z 247.13287089117003
MS$DATA_PROCESSING: Converted with convert_msp_to_massbank.py
PK$SPLASH: splash10-070i-0920000000-d3259d97c83058043818
PK$NUM_PEAK: 63
PK$PEAK: m/z int. rel.int.
  57.07180 0.0644514 64
  91.05422 0.0478825 48
  105.06908 0.151882 152
  117.07301 0.0366661 37
  119.08377 0.0738492 74
  121.06413 0.138759 139
  128.06109 0.0909063 91
  129.06775 0.0440557 44
  131.08300 0.108352 108
  132.05587 0.0385912 39
  133.06559 0.035721 36
  133.10381 0.170985 171
  141.06939 0.054974 55
  143.08480 0.109092 109
  144.05916 0.0569189 57
  144.09096 0.0337127 34
  145.06385 0.104837 105
  145.09984 0.0644375 64
  146.07182 0.213913 214
  147.07772 0.302361 302
  148.08319 0.0305853 31
  155.08484 0.046221 46
  157.06677 0.0326725 33
  158.07362 0.109147 109
  159.07606 0.475893 475
  159.11643 0.0753564 75
  160.08512 0.0954146 95
  161.10227 1 999
  162.09869 0.112338 112
  169.06633 0.0452898 45
  169.10198 0.0386518 39
  171.08495 0.0900022 90
  172.08824 0.438422 438
  173.05848 0.0789654 79
  173.09822 0.408071 408
  174.10009 0.0933976 93
  175.07581 0.0787549 79
  175.10311 0.0500003 50
  185.10158 0.0924996 92
  186.06511 0.0429186 43
  186.10342 0.222371 222
  187.06591 0.987663 987
  187.11152 0.490208 490
  188.07851 0.134807 135
  188.11508 0.103462 103
  191.07016 0.187277 187
  193.10070 0.0378882 38
  199.07501 0.0580445 58
  200.08747 0.0315327 32
  201.09135 0.0419685 42
  201.12704 0.478616 478
  202.13083 0.0642828 64
  203.07033 0.0329088 33
  203.14301 0.0500724 50
  205.09312 0.298263 298
  206.08774 0.0410223 41
  211.11164 0.0608451 61
  214.09934 0.0618476 62
  215.08210 0.0406773 41
  229.11931 0.827823 827
  230.12535 0.174276 174
  247.13251 0.157682 158
  248.13575 0.0310591 31
//