ACCESSION: MSBNK-HZI-CBIO-AA-000030
RECORD_TITLE: 6"-hidroxymitorubrinol acetate; ESI-Q-TOF; MS2; CE:40.656; [M+H]+
DATE: 2025.08.05
AUTHORS: Unknown
LICENSE: CC BY
COPYRIGHT: Unknown
COMMENT: Converted from MSP
CH$NAME: 6"-hidroxymitorubrinol acetate
CH$FORMULA: C23H20O10
CH$EXACT_MASS: 456.1056
CH$SMILES: C1=C(C(=C(C(=C1O)C(OC2(C(C=3C(=CC2=O)C=C(OC3)C=CCOC(C)=O)=O)C)=O)C)O)O
CH$IUPAC: InChI=1S/C23H20O10/c1-11-19(16(25)9-17(26)20(11)28)22(30)33-23(3)18(27)8-13-7-14(5-4-6-31-12(2)24)32-10-15(13)21(23)29/h4-5,7-10,25-26,28H,6H2,1-3H3/b5-4+/t23-/m0/s1
CH$LINK: INCHIKEY DQKCGVTWWMUREA-OIUIXCLQSA-N
AC$INSTRUMENT: ESI-Q-TOF
AC$INSTRUMENT_TYPE: ESI-Q-TOF
AC$MASS_SPECTROMETRY: MS_TYPE MS2
AC$MASS_SPECTROMETRY: ION_MODE POSITIVE
AC$MASS_SPECTROMETRY: COLLISION_ENERGY 40.656
MS$FOCUSED_ION: PRECURSOR_M/Z 373.2009660171019
MS$DATA_PROCESSING: Converted with convert_msp_to_massbank.py
PK$SPLASH: splash10-03fs-0091000000-76d3a3a92060c3239c47
PK$NUM_PEAK: 97
PK$PEAK: m/z int. rel.int.
  57.07201 0.204305 204
  58.07395 0.0557526 56
  69.06907 0.0440346 44
  158.07194 0.0380778 38
  171.08035 0.0301815 30
  173.09616 0.535659 535
  174.10186 0.163878 164
  183.08268 0.0401477 40
  185.10189 0.0390165 39
  191.10899 0.0354654 35
  195.08042 0.0614067 61
  196.08830 0.0445531 45
  197.09588 0.0971464 97
  198.06671 0.0501645 50
  198.10206 0.044766 45
  199.07726 0.0444063 44
  199.11132 0.0555806 56
  209.09699 0.0442351 44
  210.10274 0.0633772 63
  211.07677 0.136279 136
  211.11174 0.321991 322
  212.08074 0.0410326 41
  212.11776 0.139346 139
  213.09080 0.70041 700
  214.09584 0.159126 159
  215.10600 0.0826764 83
  216.11175 0.0312561 31
  221.09746 0.0426229 43
  223.07596 0.0523537 52
  223.11231 0.0356137 36
  224.08326 0.107852 108
  224.11589 0.0310895 31
  225.09096 0.334796 334
  225.12722 0.162104 162
  226.09880 0.58203 581
  226.13525 0.0786192 79
  227.09398 0.0999698 100
  227.10655 0.981571 981
  228.11186 0.345223 345
  229.11874 0.114708 115
  235.11522 0.0522657 52
  236.11552 0.0308852 31
  237.09090 0.106407 106
  237.12332 0.0325693 33
  238.09863 0.0896884 90
  239.10648 0.854025 853
  240.11170 0.358541 358
  241.12148 0.0873724 87
  248.12023 0.0301109 30
  249.12590 0.0329955 33
  251.10903 0.043543 43
  251.14593 0.0310905 31
  253.12254 0.475348 475
  254.13400 0.221576 221
  255.10244 0.217213 217
  255.13248 0.0434724 43
  256.10908 0.0770364 77
  257.11749 0.174409 174
  258.11979 0.0729733 73
  262.13689 0.035705 36
  265.12544 0.118618 118
  266.12979 0.0919918 92
  267.13580 0.0409391 41
  267.17460 0.119649 120
  268.10797 0.0425458 43
  268.18234 0.0613782 61
  269.11659 0.128945 129
  270.12308 0.0685356 68
  271.13544 0.335026 335
  272.13847 0.223869 224
  273.14446 0.0513864 51
  277.15878 0.121681 122
  278.15927 0.0673227 67
  279.13917 0.0861949 86
  280.14427 0.0825083 82
  281.11344 0.243112 243
  282.12246 0.105625 106
  283.12802 0.0413697 41
  290.12964 0.120012 120
  291.13461 0.0571921 57
  293.15719 0.0359192 36
  294.16130 0.250622 250
  295.16888 1 999
  296.17413 0.550825 550
  297.17927 0.0980489 98
  304.14639 0.0827039 83
  305.15065 0.0549879 55
  312.17210 0.207293 207
  313.17911 0.677263 677
  314.18497 0.475599 475
  315.18925 0.131323 131
  319.17049 0.185077 185
  320.17563 0.0627306 63
  337.18499 0.0850598 85
  338.18916 0.0547573 55
  355.19008 0.0386134 39
  356.19487 0.0394932 39
//