ACCESSION: MSBNK-HZI-CBIO-AA-000127
RECORD_TITLE: Daldinin C; ESI-Q-TOF; MS2; CE:40.656; [M+H]+
DATE: 2025.08.05
AUTHORS: Unknown
LICENSE: CC BY
COPYRIGHT: Unknown
COMMENT: Converted from MSP
CH$NAME: Daldinin C
CH$FORMULA: Unknown
CH$EXACT_MASS: Unknown
CH$SMILES: 
CH$IUPAC: 
CH$LINK: INCHIKEY 
AC$INSTRUMENT: ESI-Q-TOF
AC$INSTRUMENT_TYPE: ESI-Q-TOF
AC$MASS_SPECTROMETRY: MS_TYPE MS2
AC$MASS_SPECTROMETRY: ION_MODE POSITIVE
AC$MASS_SPECTROMETRY: COLLISION_ENERGY 40.656
MS$FOCUSED_ION: PRECURSOR_M/Z 435.16495886660994
MS$DATA_PROCESSING: Converted with convert_msp_to_massbank.py
PK$SPLASH: splash10-003u-1290000000-f47c3232b960dcb3e0fd
PK$NUM_PEAK: 68
PK$PEAK: m/z int. rel.int.
  55.05432 0.284257 284
  83.04923 0.811517 811
  84.05251 0.0603498 60
  85.06678 0.070783 71
  125.02274 0.0388278 39
  125.05937 0.0387419 39
  145.06484 0.0424236 42
  151.03814 0.0513997 51
  153.01698 0.0586015 59
  159.07953 0.0599575 60
  161.05877 0.0420276 42
  163.04033 0.155146 155
  163.07415 0.0392681 39
  165.05420 0.0689504 69
  173.05984 0.0398815 40
  175.03867 0.0827576 83
  177.01837 0.05346 53
  177.05584 0.0371965 37
  177.09140 0.0749969 75
  179.03433 0.106781 107
  187.07558 0.100268 100
  189.05469 0.102268 102
  191.03356 0.433806 433
  191.10970 0.0454253 45
  192.03946 0.0507759 51
  193.04929 0.425875 425
  194.05324 0.0562016 56
  195.02621 0.030724 31
  201.09265 0.098945 99
  203.07083 0.0647808 65
  205.04998 0.162999 163
  205.08627 0.187182 187
  206.05235 0.0446626 45
  206.08751 0.031103 31
  207.02990 0.041259 41
  207.06375 0.030835 31
  209.04502 0.0795956 80
  211.07558 0.0511179 51
  215.07050 0.126202 126
  216.08315 0.038335 38
  217.05018 0.0529032 53
  219.02610 0.0718077 72
  219.06788 0.0531107 53
  219.10075 0.073551 73
  221.05098 0.0476786 48
  229.08783 0.314529 314
  230.08823 0.0773283 77
  231.06458 0.338456 338
  231.09339 0.0606558 61
  232.06993 0.145445 145
  233.04721 0.123964 124
  233.08055 0.627449 627
  234.04615 0.0563995 56
  234.08754 0.0961313 96
  247.09569 0.350618 350
  248.09933 0.0579398 58
  249.07589 0.0696844 70
  250.08360 0.196357 196
  251.09604 0.559782 559
  252.08968 0.0747517 75
  257.08081 0.301906 302
  258.08647 0.0733801 73
  275.09084 1 999
  276.10157 0.226888 227
  277.09896 0.0342526 34
  293.10154 0.619752 619
  294.10529 0.0860704 86
  351.18720 0.100551 100
//