ACCESSION: MSBNK-HZI-CBIO-AA-000059
RECORD_TITLE: (3aS,8R)-3a,5,5,8-tetramethyl-3,3a,4,5,7,8-hexahydro-1Hcyclopenta[de]isochromen-1-one; ESI-Q-TOF; MS2; CE:35.112; [M+H]+
DATE: 2025.08.05
AUTHORS: Unknown
LICENSE: CC BY
COPYRIGHT: Unknown
COMMENT: Converted from MSP
CH$NAME: (3aS,8R)-3a,5,5,8-tetramethyl-3,3a,4,5,7,8-hexahydro-1Hcyclopenta[de]isochromen-1-one
CH$FORMULA: C15H20O2
CH$EXACT_MASS: 232.1463
CH$SMILES: C1(C2=C3C(=CC1)C(CC3(COC2=O)C)(C)C)C
CH$IUPAC: InChI=1S/C15H20O2/c1-9-5-6-10-12-11(9)13(16)17-8-15(12,4)7-14(10,2)3/h6,9H,5,7-8H2,1-4H3/t9?,15-/m1/s1
CH$LINK: INCHIKEY PCEVLQFNPPWJEB-NZDRZINCSA-N
AC$INSTRUMENT: ESI-Q-TOF
AC$INSTRUMENT_TYPE: ESI-Q-TOF
AC$MASS_SPECTROMETRY: MS_TYPE MS2
AC$MASS_SPECTROMETRY: ION_MODE POSITIVE
AC$MASS_SPECTROMETRY: COLLISION_ENERGY 35.112
MS$FOCUSED_ION: PRECURSOR_M/Z 233.15360633602998
MS$DATA_PROCESSING: Converted with convert_msp_to_massbank.py
PK$SPLASH: splash10-05nb-0900000000-13e8814a3e9930bf2317
PK$NUM_PEAK: 65
PK$PEAK: m/z int. rel.int.
  55.05436 0.0536523 54
  57.06904 0.0359306 36
  67.05347 0.0345504 35
  69.06922 0.0382534 38
  79.05418 0.0389675 39
  91.05398 0.273609 273
  92.05694 0.0424135 42
  93.07196 0.154879 155
  95.08534 0.0530348 53
  103.05401 0.0839623 84
  105.07075 0.803417 803
  106.07398 0.0636921 64
  107.08527 0.121123 121
  115.05563 0.132425 132
  116.06068 0.085653 86
  117.06734 0.382727 382
  118.07372 0.0412908 41
  119.08561 1 999
  120.08790 0.101955 102
  121.06531 0.0583518 58
  121.09919 0.0404817 40
  128.06401 0.047282 47
  129.06936 0.0586936 59
  130.07728 0.0689656 69
  131.05620 0.1128 113
  131.08529 0.403448 403
  132.08956 0.0804484 80
  133.10398 0.337646 337
  134.10525 0.0668081 67
  141.07024 0.0424895 42
  142.07826 0.0356552 36
  143.08548 0.0903572 90
  144.09457 0.0727109 73
  145.06472 0.447853 447
  145.10162 0.636481 636
  146.06869 0.0496706 50
  146.10792 0.136602 136
  147.11485 0.270881 271
  149.05975 0.305931 306
  149.09712 0.0335541 34
  150.06399 0.0377377 38
  155.08558 0.0307629 31
  156.09348 0.053193 53
  157.10105 0.120464 120
  158.07215 0.042199 42
  158.11052 0.0900427 90
  159.07948 0.322006 322
  159.12282 0.305912 306
  160.08442 0.053395 53
  160.12226 0.0742618 74
  161.13002 0.0829411 83
  163.07804 0.370043 370
  164.07878 0.0531076 53
  172.12621 0.14587 146
  173.09589 0.100553 100
  173.12988 0.146999 147
  174.13877 0.0663793 66
  177.09178 0.141718 142
  182.11169 0.0489009 49
  187.14616 0.152546 152
  188.15183 0.0354028 35
  189.16535 0.0555368 55
  191.10711 0.0430203 43
  215.14566 0.0623512 62
  233.15308 0.0367338 37
//