ACCESSION: MSBNK-HZI-CBIO-AA-000121
RECORD_TITLE: Daldinin C; ESI-Q-TOF; MS2; CE:40.656; [M+H]+
DATE: 2025.08.05
AUTHORS: Unknown
LICENSE: CC BY
COPYRIGHT: Unknown
COMMENT: Converted from MSP
CH$NAME: Daldinin C
CH$FORMULA: Unknown
CH$EXACT_MASS: Unknown
CH$SMILES: 
CH$IUPAC: 
CH$LINK: INCHIKEY 
AC$INSTRUMENT: ESI-Q-TOF
AC$INSTRUMENT_TYPE: ESI-Q-TOF
AC$MASS_SPECTROMETRY: MS_TYPE MS2
AC$MASS_SPECTROMETRY: ION_MODE POSITIVE
AC$MASS_SPECTROMETRY: COLLISION_ENERGY 40.656
MS$FOCUSED_ION: PRECURSOR_M/Z 435.16495886660994
MS$DATA_PROCESSING: Converted with convert_msp_to_massbank.py
PK$SPLASH: splash10-003u-1390000000-49f914cba6f536403cb8
PK$NUM_PEAK: 64
PK$PEAK: m/z int. rel.int.
  55.05544 0.375735 375
  83.05145 1 999
  84.05141 0.0610206 61
  107.04893 0.0310733 31
  125.05872 0.0583065 58
  147.04503 0.0508092 51
  151.04068 0.0719476 72
  159.08059 0.0805111 80
  161.05848 0.0378811 38
  163.03887 0.156537 156
  163.07444 0.0473199 47
  165.05524 0.0632858 63
  173.02624 0.0304234 30
  173.06151 0.0330083 33
  175.03917 0.10381 104
  177.01821 0.0334615 33
  177.05463 0.042388 42
  177.09102 0.0868585 87
  179.03335 0.123571 123
  187.07513 0.152833 153
  189.05445 0.126678 127
  191.03241 0.535925 535
  192.03947 0.0533535 53
  193.04705 0.65574 655
  194.05263 0.0346595 35
  201.09273 0.121172 121
  203.06935 0.110146 110
  203.10460 0.031103 31
  205.05097 0.112908 113
  205.08609 0.156335 156
  206.05502 0.0771672 77
  207.02989 0.067218 67
  207.06471 0.0465201 46
  209.04371 0.0894465 89
  211.07381 0.0519534 52
  215.07246 0.145594 145
  217.05475 0.0589638 59
  219.03268 0.0626672 63
  219.10115 0.110993 111
  221.04571 0.0490297 49
  229.08579 0.389648 389
  230.09010 0.0752316 75
  231.06515 0.395815 395
  231.09388 0.0600147 60
  232.07158 0.147815 148
  233.04636 0.178761 179
  233.08089 0.832132 831
  233.09321 0.042809 43
  234.08721 0.182186 182
  237.03940 0.0370254 37
  239.06993 0.0626095 63
  247.09616 0.351335 351
  248.09978 0.0756688 76
  249.07609 0.0473858 47
  250.08297 0.239754 240
  251.09974 0.545036 544
  252.09603 0.111817 112
  257.08186 0.344332 344
  258.08402 0.079305 79
  275.09161 0.988236 987
  276.09650 0.291257 291
  293.10111 0.725157 724
  294.10975 0.110464 110
  393.15195 0.0349447 35
//