ACCESSION: MSBNK-HZI-CBIO-AA-000008
RECORD_TITLE: Rickiol A; ESI-Q-TOF; MS2; CE:40.656; [M+H]+
DATE: 2025.08.05
AUTHORS: Helmholtz Centre for Infection Research
LICENSE: CC BY-NC
COPYRIGHT: HZI
COMMENT: Ccs: 200.4547119140625
CH$NAME: Rickiol A
CH$COMPOUND_CLASS: ; Natural Product
CH$FORMULA: C24H44O6
CH$EXACT_MASS: 428.3138
CH$SMILES: C1CCCCCCCCCCC(OC(C=CC(O)CC(O)C1)=O)CC(CC(C)O)O
CH$IUPAC: InChI=1S/C24H44O6/c1-19(25)16-22(28)18-23-13-11-9-7-5-3-2-4-6-8-10-12-20(26)17-21(27)14-15-24(29)30-23/h14-15,19-23,25-28H,2-13,16-18H2,1H3
CH$LINK: INCHIKEY ZPZBRVXCZBYHPI-UHFFFAOYSA-N
AC$INSTRUMENT: Bruker timsTOF
AC$INSTRUMENT_TYPE: timsTOF
AC$MASS_SPECTROMETRY: MS_TYPE MS2
AC$MASS_SPECTROMETRY: ION_MODE POSITIVE
AC$MASS_SPECTROMETRY: COLLISION_ENERGY 40.656
MS$FOCUSED_ION: PRECURSOR_M/Z 393.29993621983
MS$DATA_PROCESSING: Converted with convert_msp_to_massbank.py
PK$SPLASH: splash10-0ac1-5900000000-042e642bbb70ac5fc2a8
PK$NUM_PEAK: 67
PK$PEAK: m/z int. rel.int.
  55.05267 0.103123 103
  67.05370 0.263413 263
  69.06882 0.14185 142
  79.05491 0.22727 227
  81.06903 0.587034 586
  83.08465 0.101441 101
  85.06531 0.0548234 55
  91.05616 0.172464 172
  92.05743 0.0361536 36
  93.06993 0.356302 356
  94.07463 0.077099 77
  95.08542 1 999
  96.08881 0.0956405 96
  97.02794 0.041084 41
  97.09955 0.0454449 45
  98.10362 0.0308657 31
  99.04282 0.130217 130
  99.08001 0.0407047 41
  101.02319 0.0733957 73
  105.06979 0.329544 329
  107.04843 0.101642 102
  107.08631 0.291861 292
  108.08889 0.0621588 62
  109.06671 0.049882 50
  109.09923 0.705437 705
  110.10375 0.07613 76
  111.04364 0.104447 104
  111.07970 0.0465866 47
  117.06942 0.0846072 85
  119.08438 0.385887 386
  121.06380 0.0509645 51
  121.10181 0.368076 368
  122.10563 0.0431646 43
  123.11692 0.328956 329
  125.09425 0.031046 31
  127.03881 0.0354364 35
  131.08678 0.127122 127
  133.06434 0.0746597 75
  133.10022 0.345119 345
  134.10379 0.0361136 36
  135.08095 0.0683563 68
  135.11643 0.410057 410
  136.11980 0.0592559 59
  137.09523 0.037825 38
  137.13272 0.0979851 98
  145.10023 0.156138 156
  147.08090 0.0339397 34
  147.11668 0.244709 244
  149.13195 0.157351 157
  151.07352 0.0340043 34
  159.11886 0.10452 104
  161.09578 0.0975983 98
  161.13231 0.124729 125
  163.14869 0.0859663 86
  171.11828 0.0336037 34
  173.13312 0.0505194 50
  175.14730 0.0836911 84
  177.16439 0.0351523 35
  187.14733 0.0522397 52
  189.16408 0.0691771 69
  203.18036 0.0314971 31
  217.15958 0.0363599 36
  277.25340 0.0712321 71
  299.23738 0.0450562 45
  329.28123 0.0349109 35
  339.26998 0.0631944 63
  357.27948 0.0681214 68
//