ACCESSION: MSBNK-HZI-CBIO-AA-000123
RECORD_TITLE: Daldinin C; ESI-Q-TOF; MS2; CE:40.656; [M+H]+
DATE: 2025.08.05
AUTHORS: Unknown
LICENSE: CC BY
COPYRIGHT: Unknown
COMMENT: Converted from MSP
CH$NAME: Daldinin C
CH$FORMULA: Unknown
CH$EXACT_MASS: Unknown
CH$SMILES: 
CH$IUPAC: 
CH$LINK: INCHIKEY 
AC$INSTRUMENT: ESI-Q-TOF
AC$INSTRUMENT_TYPE: ESI-Q-TOF
AC$MASS_SPECTROMETRY: MS_TYPE MS2
AC$MASS_SPECTROMETRY: ION_MODE POSITIVE
AC$MASS_SPECTROMETRY: COLLISION_ENERGY 40.656
MS$FOCUSED_ION: PRECURSOR_M/Z 435.16495886660994
MS$DATA_PROCESSING: Converted with convert_msp_to_massbank.py
PK$SPLASH: splash10-001i-1290000000-6d875aae007297efa532
PK$NUM_PEAK: 81
PK$PEAK: m/z int. rel.int.
  55.05429 0.434021 434
  56.05867 0.0427172 43
  83.04684 0.809991 809
  84.05534 0.0442269 44
  85.06482 0.03433 34
  97.06419 0.0304375 30
  121.02780 0.0300603 30
  125.02259 0.084802 85
  125.05963 0.0716488 72
  131.08487 0.0544785 54
  135.04281 0.0366045 37
  137.05847 0.0327077 33
  145.10307 0.0315592 32
  147.04581 0.0354174 35
  151.03943 0.0357528 36
  153.02158 0.161926 162
  159.08061 0.0888618 89
  161.05834 0.0322229 32
  163.03880 0.163898 164
  163.06830 0.0441975 44
  165.05539 0.0570379 57
  169.06579 0.0302468 30
  173.09576 0.0782979 78
  175.03938 0.140269 140
  177.01688 0.0471829 47
  177.05342 0.0358393 36
  177.09034 0.0682165 68
  179.04011 0.0482342 48
  183.08016 0.0342664 34
  187.08087 0.245321 245
  188.07882 0.0386149 39
  189.05441 0.185686 186
  190.02900 0.0576627 58
  190.06176 0.0414065 41
  191.03921 0.40113 401
  191.10625 0.0339276 34
  192.04141 0.107083 107
  193.04942 0.138933 139
  195.02824 0.0677757 68
  197.06085 0.0527265 53
  201.09064 0.115372 115
  203.03479 0.0656362 66
  203.07241 0.331404 331
  204.07730 0.118311 118
  205.04930 0.280521 280
  205.09317 0.234926 235
  206.04749 0.0662437 66
  206.09301 0.0478252 48
  207.05727 0.162076 162
  209.04259 0.100853 101
  211.07561 0.0313606 31
  215.06997 0.128376 128
  216.04206 0.0342987 34
  217.04936 0.0984751 98
  219.03335 0.0639427 64
  219.10776 0.0734599 73
  220.03412 0.0519123 52
  221.04370 0.032911 33
  228.04163 0.0407163 41
  229.08745 0.51097 510
  230.08781 0.0809012 81
  231.07418 1 999
  232.07110 0.215511 215
  233.04201 0.142815 143
  233.08066 0.949508 949
  234.04803 0.0307697 31
  234.08387 0.18476 185
  247.09559 0.319702 319
  248.10089 0.0600919 60
  249.07520 0.0660189 66
  249.11318 0.0519914 52
  250.08337 0.40954 409
  250.09557 0.0415543 42
  251.09563 0.910704 910
  252.09934 0.134851 135
  257.09080 0.463347 463
  258.08439 0.0735674 73
  275.09098 0.787452 787
  276.09402 0.142905 143
  293.10141 0.42292 422
  294.10510 0.0714756 71
//