ACCESSION: MSBNK-HZI-CBIO-AA-000044
RECORD_TITLE: (3aS)-7-hydroxy-3a,5,5,8-tetramethyl-3,3a,4,5-tetrahydro-1Hcyclopenta[de]isochromen-1-one; ESI-Q-TOF; MS2; CE:35.112; [M+H]+
DATE: 2025.08.05
AUTHORS: Unknown
LICENSE: CC BY
COPYRIGHT: Unknown
COMMENT: Converted from MSP
CH$NAME: (3aS)-7-hydroxy-3a,5,5,8-tetramethyl-3,3a,4,5-tetrahydro-1Hcyclopenta[de]isochromen-1-one
CH$FORMULA: C15H18O2
CH$EXACT_MASS: 230.1307
CH$SMILES: C1(=CC=C2C3=C1C(OCC3(CC2(C)C)C)=O)C
CH$IUPAC: InChI=1S/C15H18O2/c1-9-5-6-10-12-11(9)13(16)17-8-15(12,4)7-14(10,2)3/h5-6H,7-8H2,1-4H3/t15-/m1/s1
CH$LINK: INCHIKEY CAMCSBCRRUTMEK-OAHLLOKOSA-N
AC$INSTRUMENT: ESI-Q-TOF
AC$INSTRUMENT_TYPE: ESI-Q-TOF
AC$MASS_SPECTROMETRY: MS_TYPE MS2
AC$MASS_SPECTROMETRY: ION_MODE POSITIVE
AC$MASS_SPECTROMETRY: COLLISION_ENERGY 35.112
MS$FOCUSED_ION: PRECURSOR_M/Z 229.12230620711003
MS$DATA_PROCESSING: Converted with convert_msp_to_massbank.py
PK$SPLASH: splash10-00di-0910000000-f23ab5528ebcb51bfa4c
PK$NUM_PEAK: 65
PK$PEAK: m/z int. rel.int.
  91.05618 0.055137 55
  105.06931 0.0667777 67
  115.05295 0.0517325 52
  116.06503 0.0385384 38
  117.06995 0.0690091 69
  119.08497 0.0446628 45
  121.06533 0.0543454 54
  128.05934 0.0974278 97
  129.06857 0.129961 130
  130.07529 0.0549577 55
  131.08456 0.183056 183
  141.06942 0.138751 139
  142.07624 0.0591607 59
  143.08521 0.155353 155
  144.05782 0.120677 121
  144.09270 0.108079 108
  145.06432 0.173723 174
  145.10020 0.141794 142
  146.07162 0.0734311 73
  147.07674 0.0624638 62
  153.07034 0.07483 75
  154.07761 0.0573677 57
  155.08485 0.0930289 93
  156.09171 0.0354094 35
  157.06408 0.196398 196
  157.10093 0.0333834 33
  158.07357 0.339248 339
  158.11200 0.0907652 91
  159.08004 0.48048 480
  159.11654 0.0882568 88
  160.08899 0.151352 151
  161.09444 0.0368742 37
  167.08612 0.0408869 41
  168.09229 0.0618298 62
  169.10545 0.105862 106
  170.07459 0.0352556 35
  171.08042 0.451863 451
  172.08780 1 999
  173.06126 0.0487545 49
  173.09487 0.388502 388
  173.13446 0.0766695 77
  174.09572 0.0486743 49
  175.07265 0.0822024 82
  181.06485 0.0519702 52
  183.11518 0.0343946 34
  185.06028 0.0481256 48
  185.09641 0.163241 163
  186.10347 0.501102 501
  187.07493 0.234772 235
  187.11382 0.30511 305
  188.08045 0.03781 38
  188.11209 0.0534345 53
  193.10132 0.0329382 33
  196.08799 0.0725257 72
  197.09371 0.0305635 31
  199.07495 0.314613 314
  200.08028 0.0813747 81
  201.09005 0.0519527 52
  201.12546 0.250239 250
  202.13037 0.0334932 33
  211.11289 0.0800781 80
  213.09495 0.0466778 47
  214.09889 0.128659 129
  229.12849 0.29474 294
  230.12583 0.0742612 74
//