ACCESSION: MSBNK-HZI-CBIO-AA-000126
RECORD_TITLE: Daldinin C; ESI-Q-TOF; MS2; CE:40.656; [M+H]+
DATE: 2025.08.05
AUTHORS: Unknown
LICENSE: CC BY
COPYRIGHT: Unknown
COMMENT: Converted from MSP
CH$NAME: Daldinin C
CH$FORMULA: Unknown
CH$EXACT_MASS: Unknown
CH$SMILES: 
CH$IUPAC: 
CH$LINK: INCHIKEY 
AC$INSTRUMENT: ESI-Q-TOF
AC$INSTRUMENT_TYPE: ESI-Q-TOF
AC$MASS_SPECTROMETRY: MS_TYPE MS2
AC$MASS_SPECTROMETRY: ION_MODE POSITIVE
AC$MASS_SPECTROMETRY: COLLISION_ENERGY 40.656
MS$FOCUSED_ION: PRECURSOR_M/Z 435.16495886660994
MS$DATA_PROCESSING: Converted with convert_msp_to_massbank.py
PK$SPLASH: splash10-001i-1290000000-e345dc21f8052747fc2b
PK$NUM_PEAK: 65
PK$PEAK: m/z int. rel.int.
  55.05437 0.296789 296
  83.04901 0.594191 594
  125.02553 0.0552805 55
  131.08792 0.0434163 43
  141.06960 0.0302257 30
  145.06463 0.0448267 45
  145.09996 0.0397687 40
  149.02451 0.0300518 30
  151.03896 0.0571772 57
  153.01788 0.130287 130
  159.08133 0.133498 133
  161.05977 0.0614185 61
  163.03972 0.112607 112
  165.05300 0.105943 106
  169.06578 0.0310946 31
  173.09627 0.0735602 73
  175.03850 0.0828192 83
  176.04810 0.0353098 35
  177.01935 0.0471847 47
  177.05292 0.0412969 41
  177.09566 0.0753179 75
  187.07512 0.228499 228
  189.05486 0.133777 134
  190.02541 0.0620099 62
  191.03436 0.398985 399
  191.07403 0.0434976 43
  192.03825 0.11959 119
  193.05269 0.171068 171
  195.02784 0.0824649 82
  201.09066 0.146489 146
  203.06918 0.320077 320
  204.07300 0.0425731 43
  205.04909 0.205691 205
  205.08713 0.227114 227
  207.06461 0.100035 100
  209.04321 0.0899796 90
  211.07546 0.0404023 40
  214.06061 0.0336656 34
  215.07032 0.114728 115
  217.05040 0.0574539 57
  219.02769 0.049519 49
  219.10270 0.0794019 79
  229.08712 0.360775 360
  230.08993 0.0711135 71
  231.07631 0.759447 759
  232.07110 0.184078 184
  233.04458 0.150153 150
  233.08536 1 999
  234.04797 0.0434669 43
  234.08584 0.0852662 85
  238.04671 0.0424994 42
  247.09573 0.245756 246
  248.10060 0.056177 56
  249.07591 0.0378278 38
  250.08412 0.349345 349
  250.09873 0.0500121 50
  251.09212 0.689628 689
  252.09656 0.0930688 93
  257.08067 0.416202 416
  258.08884 0.0597908 60
  265.10914 0.0432635 43
  275.09146 0.777967 777
  276.09523 0.111387 111
  293.10243 0.455149 455
  294.10496 0.0804773 80
//